% Equations for covariance matrix prediction, without process noise!
function [nextP] = cov_predict(q0, q1, q2, q3, vn, ve, vd, pn, pe, pd, dvx, dvy, dvz, dax, day, daz, dax_b, day_b, daz_b, dvx_b, dvy_b, dvz_b, P, daxVar, dayVar, dazVar, dvxVar, dvyVar, dvzVar, dt)

	PS0 = q1.^2;
	PS1 = 0.25*daxVar;
	PS2 = q2.^2;
	PS3 = 0.25*dayVar;
	PS4 = q3.^2;
	PS5 = 0.25*dazVar;
	PS6 = 0.5*q1;
	PS7 = 0.5*q2;
	PS8 = PS7.*P(11, 12);
	PS9 = 0.5*q3;
	PS10 = PS9.*P(11, 13);
	PS11 = 0.5*dax - 0.5*dax_b;
	PS12 = 0.5*day - 0.5*day_b;
	PS13 = 0.5*daz - 0.5*daz_b;
	PS14 = PS10 - PS11.*P(2, 11) - PS12.*P(3, 11) - PS13.*P(4, 11) + PS6.*P(11, 11) + PS8 + P(1, 11);
	PS15 = PS6.*P(11, 12);
	PS16 = PS9.*P(12, 13);
	PS17 = -PS11.*P(2, 12) - PS12.*P(3, 12) - PS13.*P(4, 12) + PS15 + PS16 + PS7.*P(12, 12) + P(1, 12);
	PS18 = PS6.*P(11, 13);
	PS19 = PS7.*P(12, 13);
	PS20 = -PS11.*P(2, 13) - PS12.*P(3, 13) - PS13.*P(4, 13) + PS18 + PS19 + PS9.*P(13, 13) + P(1, 13);
	PS21 = PS12.*P(2, 3);
	PS22 = -PS13.*P(2, 4);
	PS23 = -PS11.*P(2, 2) - PS21 + PS22 + PS6.*P(2, 11) + PS7.*P(2, 12) + PS9.*P(2, 13) + P(1, 2);
	PS24 = -PS11.*P(2, 3);
	PS25 = PS13.*P(3, 4);
	PS26 = -PS12.*P(3, 3) + PS24 - PS25 + PS6.*P(3, 11) + PS7.*P(3, 12) + PS9.*P(3, 13) + P(1, 3);
	PS27 = PS11.*P(2, 4);
	PS28 = -PS12.*P(3, 4);
	PS29 = -PS13.*P(4, 4) - PS27 + PS28 + PS6.*P(4, 11) + PS7.*P(4, 12) + PS9.*P(4, 13) + P(1, 4);
	PS30 = PS11.*P(1, 2);
	PS31 = PS12.*P(1, 3);
	PS32 = PS13.*P(1, 4);
	PS33 = -PS30 - PS31 - PS32 + PS6.*P(1, 11) + PS7.*P(1, 12) + PS9.*P(1, 13) + P(1, 1);
	PS34 = 0.5*q0;
	PS35 = q2.*q3;
	PS36 = q0.*q1;
	PS37 = q1.*q3;
	PS38 = q0.*q2;
	PS39 = q1.*q2;
	PS40 = q0.*q3;
	PS41 = 2*PS2;
	PS42 = 2*PS4 - 1;
	PS43 = PS41 + PS42;
	PS44 = -PS11.*P(2, 14) - PS12.*P(3, 14) - PS13.*P(4, 14) + PS6.*P(11, 14) + PS7.*P(12, 14) + PS9.*P(13, 14) + P(1, 14);
	PS45 = PS37 + PS38;
	PS46 = -PS11.*P(2, 16) - PS12.*P(3, 16) - PS13.*P(4, 16) + PS6.*P(11, 16) + PS7.*P(12, 16) + PS9.*P(13, 16) + P(1, 16);
	PS47 = 2*PS46;
	PS48 = dvy - dvy_b;
	PS49 = PS48.*q0;
	PS50 = dvz - dvz_b;
	PS51 = PS50.*q1;
	PS52 = dvx - dvx_b;
	PS53 = PS52.*q3;
	PS54 = PS49 - PS51 + 2*PS53;
	PS55 = 2*PS29;
	PS56 = -PS39 + PS40;
	PS57 = -PS11.*P(2, 15) - PS12.*P(3, 15) - PS13.*P(4, 15) + PS6.*P(11, 15) + PS7.*P(12, 15) + PS9.*P(13, 15) + P(1, 15);
	PS58 = 2*PS57;
	PS59 = PS48.*q2;
	PS60 = PS50.*q3;
	PS61 = PS59 + PS60;
	PS62 = 2*PS23;
	PS63 = PS50.*q2;
	PS64 = PS48.*q3;
	PS65 = -PS64;
	PS66 = PS63 + PS65;
	PS67 = 2*PS33;
	PS68 = PS50.*q0;
	PS69 = PS48.*q1;
	PS70 = PS52.*q2;
	PS71 = PS68 + PS69 - 2*PS70;
	PS72 = 2*PS26;
	PS73 = -PS11.*P(2, 5) - PS12.*P(3, 5) - PS13.*P(4, 5) + PS6.*P(5, 11) + PS7.*P(5, 12) + PS9.*P(5, 13) + P(1, 5);
	PS74 = 2*PS0;
	PS75 = PS42 + PS74;
	PS76 = PS39 + PS40;
	PS77 = 2*PS44;
	PS78 = PS51 - PS53;
	PS79 = -PS70;
	PS80 = PS68 + 2*PS69 + PS79;
	PS81 = -PS35 + PS36;
	PS82 = PS52.*q1;
	PS83 = PS60 + PS82;
	PS84 = PS52.*q0;
	PS85 = PS63 - 2*PS64 + PS84;
	PS86 = -PS11.*P(2, 6) - PS12.*P(3, 6) - PS13.*P(4, 6) + PS6.*P(6, 11) + PS7.*P(6, 12) + PS9.*P(6, 13) + P(1, 6);
	PS87 = PS41 + PS74 - 1;
	PS88 = PS35 + PS36;
	PS89 = 2*PS63 + PS65 + PS84;
	PS90 = -PS37 + PS38;
	PS91 = PS59 + PS82;
	PS92 = PS69 + PS79;
	PS93 = PS49 - 2*PS51 + PS53;
	PS94 = -PS11.*P(2, 7) - PS12.*P(3, 7) - PS13.*P(4, 7) + PS6.*P(7, 11) + PS7.*P(7, 12) + PS9.*P(7, 13) + P(1, 7);
	PS95 = q0.^2;
	PS96 = -PS34.*P(11, 12);
	PS97 = PS11.*P(1, 12) - PS12.*P(4, 12) + PS13.*P(3, 12) - PS19 + PS9.*P(12, 12) + PS96 + P(2, 12);
	PS98 = PS13.*P(1, 3);
	PS99 = PS12.*P(1, 4);
	PS100 = PS11.*P(1, 1) - PS34.*P(1, 11) - PS7.*P(1, 13) + PS9.*P(1, 12) + PS98 - PS99 + P(1, 2);
	PS101 = PS11.*P(1, 3);
	PS102 = PS101 + PS13.*P(3, 3) + PS28 - PS34.*P(3, 11) - PS7.*P(3, 13) + PS9.*P(3, 12) + P(2, 3);
	PS103 = PS9.*P(11, 12);
	PS104 = PS7.*P(11, 13);
	PS105 = PS103 - PS104 + PS11.*P(1, 11) - PS12.*P(4, 11) + PS13.*P(3, 11) - PS34.*P(11, 11) + P(2, 11);
	PS106 = -PS34.*P(11, 13);
	PS107 = PS106 + PS11.*P(1, 13) - PS12.*P(4, 13) + PS13.*P(3, 13) + PS16 - PS7.*P(13, 13) + P(2, 13);
	PS108 = PS11.*P(1, 4);
	PS109 = PS108 - PS12.*P(4, 4) + PS25 - PS34.*P(4, 11) - PS7.*P(4, 13) + PS9.*P(4, 12) + P(2, 4);
	PS110 = PS13.*P(2, 3);
	PS111 = PS12.*P(2, 4);
	PS112 = PS110 - PS111 + PS30 - PS34.*P(2, 11) - PS7.*P(2, 13) + PS9.*P(2, 12) + P(2, 2);
	PS113 = PS11.*P(1, 14) - PS12.*P(4, 14) + PS13.*P(3, 14) - PS34.*P(11, 14) - PS7.*P(13, 14) + PS9.*P(12, 14) + P(2, 14);
	PS114 = PS11.*P(1, 16) - PS12.*P(4, 16) + PS13.*P(3, 16) - PS34.*P(11, 16) - PS7.*P(13, 16) + PS9.*P(12, 16) + P(2, 16);
	PS115 = 2*PS114;
	PS116 = 2*PS109;
	PS117 = PS11.*P(1, 15) - PS12.*P(4, 15) + PS13.*P(3, 15) - PS34.*P(11, 15) - PS7.*P(13, 15) + PS9.*P(12, 15) + P(2, 15);
	PS118 = 2*PS117;
	PS119 = 2*PS112;
	PS120 = 2*PS100;
	PS121 = 2*PS102;
	PS122 = PS11.*P(1, 5) - PS12.*P(4, 5) + PS13.*P(3, 5) - PS34.*P(5, 11) - PS7.*P(5, 13) + PS9.*P(5, 12) + P(2, 5);
	PS123 = 2*PS113;
	PS124 = PS11.*P(1, 6) - PS12.*P(4, 6) + PS13.*P(3, 6) - PS34.*P(6, 11) - PS7.*P(6, 13) + PS9.*P(6, 12) + P(2, 6);
	PS125 = PS11.*P(1, 7) - PS12.*P(4, 7) + PS13.*P(3, 7) - PS34.*P(7, 11) - PS7.*P(7, 13) + PS9.*P(7, 12) + P(2, 7);
	PS126 = -PS34.*P(12, 13);
	PS127 = -PS10 + PS11.*P(4, 13) + PS12.*P(1, 13) + PS126 - PS13.*P(2, 13) + PS6.*P(13, 13) + P(3, 13);
	PS128 = PS11.*P(4, 4) + PS22 - PS34.*P(4, 12) + PS6.*P(4, 13) - PS9.*P(4, 11) + PS99 + P(3, 4);
	PS129 = PS13.*P(1, 2);
	PS130 = PS108 + PS12.*P(1, 1) - PS129 - PS34.*P(1, 12) + PS6.*P(1, 13) - PS9.*P(1, 11) + P(1, 3);
	PS131 = PS6.*P(12, 13);
	PS132 = -PS103 + PS11.*P(4, 12) + PS12.*P(1, 12) - PS13.*P(2, 12) + PS131 - PS34.*P(12, 12) + P(3, 12);
	PS133 = PS11.*P(4, 11) + PS12.*P(1, 11) - PS13.*P(2, 11) + PS18 - PS9.*P(11, 11) + PS96 + P(3, 11);
	PS134 = PS12.*P(1, 2);
	PS135 = -PS13.*P(2, 2) + PS134 + PS27 - PS34.*P(2, 12) + PS6.*P(2, 13) - PS9.*P(2, 11) + P(2, 3);
	PS136 = PS11.*P(3, 4);
	PS137 = -PS110 + PS136 + PS31 - PS34.*P(3, 12) + PS6.*P(3, 13) - PS9.*P(3, 11) + P(3, 3);
	PS138 = PS11.*P(4, 14) + PS12.*P(1, 14) - PS13.*P(2, 14) - PS34.*P(12, 14) + PS6.*P(13, 14) - PS9.*P(11, 14) + P(3, 14);
	PS139 = PS11.*P(4, 16) + PS12.*P(1, 16) - PS13.*P(2, 16) - PS34.*P(12, 16) + PS6.*P(13, 16) - PS9.*P(11, 16) + P(3, 16);
	PS140 = 2*PS139;
	PS141 = 2*PS128;
	PS142 = PS11.*P(4, 15) + PS12.*P(1, 15) - PS13.*P(2, 15) - PS34.*P(12, 15) + PS6.*P(13, 15) - PS9.*P(11, 15) + P(3, 15);
	PS143 = 2*PS142;
	PS144 = 2*PS135;
	PS145 = 2*PS130;
	PS146 = 2*PS137;
	PS147 = PS11.*P(4, 5) + PS12.*P(1, 5) - PS13.*P(2, 5) - PS34.*P(5, 12) + PS6.*P(5, 13) - PS9.*P(5, 11) + P(3, 5);
	PS148 = 2*PS138;
	PS149 = PS11.*P(4, 6) + PS12.*P(1, 6) - PS13.*P(2, 6) - PS34.*P(6, 12) + PS6.*P(6, 13) - PS9.*P(6, 11) + P(3, 6);
	PS150 = PS11.*P(4, 7) + PS12.*P(1, 7) - PS13.*P(2, 7) - PS34.*P(7, 12) + PS6.*P(7, 13) - PS9.*P(7, 11) + P(3, 7);
	PS151 = PS106 - PS11.*P(3, 11) + PS12.*P(2, 11) + PS13.*P(1, 11) - PS15 + PS7.*P(11, 11) + P(4, 11);
	PS152 = PS12.*P(2, 2) + PS129 + PS24 - PS34.*P(2, 13) - PS6.*P(2, 12) + PS7.*P(2, 11) + P(2, 4);
	PS153 = -PS101 + PS13.*P(1, 1) + PS134 - PS34.*P(1, 13) - PS6.*P(1, 12) + PS7.*P(1, 11) + P(1, 4);
	PS154 = PS104 - PS11.*P(3, 13) + PS12.*P(2, 13) + PS13.*P(1, 13) - PS131 - PS34.*P(13, 13) + P(4, 13);
	PS155 = -PS11.*P(3, 12) + PS12.*P(2, 12) + PS126 + PS13.*P(1, 12) - PS6.*P(12, 12) + PS8 + P(4, 12);
	PS156 = -PS11.*P(3, 3) + PS21 - PS34.*P(3, 13) - PS6.*P(3, 12) + PS7.*P(3, 11) + PS98 + P(3, 4);
	PS157 = PS111 - PS136 + PS32 - PS34.*P(4, 13) - PS6.*P(4, 12) + PS7.*P(4, 11) + P(4, 4);
	PS158 = -PS11.*P(3, 14) + PS12.*P(2, 14) + PS13.*P(1, 14) - PS34.*P(13, 14) - PS6.*P(12, 14) + PS7.*P(11, 14) + P(4, 14);
	PS159 = -PS11.*P(3, 16) + PS12.*P(2, 16) + PS13.*P(1, 16) - PS34.*P(13, 16) - PS6.*P(12, 16) + PS7.*P(11, 16) + P(4, 16);
	PS160 = 2*PS159;
	PS161 = 2*PS157;
	PS162 = -PS11.*P(3, 15) + PS12.*P(2, 15) + PS13.*P(1, 15) - PS34.*P(13, 15) - PS6.*P(12, 15) + PS7.*P(11, 15) + P(4, 15);
	PS163 = 2*PS162;
	PS164 = 2*PS152;
	PS165 = 2*PS153;
	PS166 = 2*PS156;
